%YAML:1.0
---
type: IMU
name: d435i
Gyr:
   unit: " rad/s"
   avg-axis:
      gyr_n: 4.4092381657107440e-03
      gyr_w: 5.2122195707954007e-05
   x-axis:
      gyr_n: 5.1078886982127919e-03
      gyr_w: 1.1691584106244471e-04
   y-axis:
      gyr_n: 6.7322649022304171e-03
      gyr_w: 3.2431092815689523e-05
   z-axis:
      gyr_n: 1.3875608966890235e-03
      gyr_w: 7.0196532457277940e-06
Acc:
   unit: " m/s^2"
   avg-axis:
      acc_n: 1.9203435687181320e-02
      acc_w: 5.7008549018960453e-04
   x-axis:
      acc_n: 1.7032561430280101e-02
      acc_w: 2.6790100197493478e-04
   y-axis:
      acc_n: 2.0109846084897461e-02
      acc_w: 7.4837234823395336e-04
   z-axis:
      acc_n: 2.0467899546366405e-02
      acc_w: 6.9398312035992538e-04